DJS_RESULT	1.31688539	0.96793743	0.96785199
DJS_RESULT	0.37252735	0.36397059	0.36403057
DJS_RESULT	1.44379580	0.99194627	0.99208786
DJS_RESULT	0.21433107	0.21269386	0.21260521
DJS_RESULT	0.42638104	0.41357857	0.41352583
DJS_RESULT	0.21324794	0.21163539	0.21154430
DJS_RESULT	1.07178473	0.87805600	0.87814837
DJS_RESULT	1.16453972	0.91860654	0.91860086
DJS_RESULT	0.29676225	0.29242552	0.29257126
DJS_RESULT	0.40474636	0.39378563	0.39377194
DJS_RESULT	1.02396562	0.85417679	0.85422993
DJS_RESULT	0.14560938	0.14509539	0.14532399
DJS_RESULT	1.52700769	0.99904143	0.99852767
DJS_RESULT	0.74788481	0.68008958	0.68008474
DJS_RESULT	0.18784361	0.18674087	0.18664261
DJS_RESULT	1.35773335	0.97738782	0.97744117
DJS_RESULT	0.46618345	0.44948028	0.44939540
DJS_RESULT	0.01310905	0.01310868	0.01314506
DJS_RESULT	0.41238222	0.40079298	0.40076409
DJS_RESULT	0.55463364	0.52663189	0.52663858
DJS_RESULT	0.62211558	0.58275569	0.58284735
DJS_RESULT	0.67623424	0.62586042	0.62595074
DJS_RESULT	0.75751113	0.68711529	0.68709385
DJS_RESULT	0.18539250	0.18433233	0.18423997
DJS_RESULT	1.00269802	0.84292566	0.84294714
DJS_RESULT	0.84256578	0.74635323	0.74621898
DJS_RESULT	0.27420720	0.27078384	0.27089010
DJS_RESULT	1.45480491	0.99328053	0.99336863
DJS_RESULT	1.46136340	0.99401819	0.99406576
DJS_RESULT	0.16325444	0.16253023	0.16256173
DJS_RESULT	1.20695661	0.93453729	0.93444298
DJS_RESULT	0.05589794	0.05586883	0.05580617
DJS_INFER	0.32192918	0.31639722	0.31654558
DJS_INFER	0.84114091	0.74540415	0.74527078
DJS_INFER	1.45906377	0.99376441	0.99382690
DJS_INFER	0.78334793	0.70565556	0.70559059
DJS_INFER	0.88458580	0.77365261	0.77351424
DJS_INFER	1.21704563	0.93808000	0.93796698
DJS_INFER	1.54691813	0.99971493	0.99913631
DJS_INFER	0.80307165	0.71949274	0.71939830
DJS_INFER	0.94313294	0.80940191	0.80932350
DJS_INFER	0.32960767	0.32367185	0.32381322
DJS_INFER	1.08834327	0.88585948	0.88595142
DJS_INFER	1.43288675	0.99050554	0.99068179
DJS_INFER	0.64917826	0.60453203	0.60463224
DJS_INFER	1.55856339	0.99992518	0.99938198
DJS_INFER	0.17540683	0.17450874	0.17445577
DJS_INFER	1.24870657	0.94857598	0.94842245
DJS_INFER	1.17231638	0.92165187	0.92163000
DJS_INFER	0.62307206	0.58353270	0.58362497
DJS_INFER	1.04375622	0.86429961	0.86437547
DJS_INFER	1.32817560	0.97071169	0.97065990
DJS_INFER	0.06074341	0.06070607	0.06089668
DJS_INFER	1.46774274	0.99469468	0.99469702
DJS_INFER	0.56666414	0.53682059	0.53684645
DJS_INFER	0.18614937	0.18507617	0.18498184
DJS_INFER	1.15692962	0.91557267	0.91558222
DJS_INFER	1.19923577	0.93176189	0.93168303
DJS_INFER	0.66791189	0.61934793	0.61944321
DJS_INFER	0.68457323	0.63234246	0.63242619
DJS_INFER	1.11003081	0.89571239	0.89579158
DJS_INFER	1.51072822	0.99819645	0.99780962
DJS_INFER	0.45734155	0.44156443	0.44148181
DJS_INFER	0.63292977	0.59150956	0.59160683
DJS_INFER	0.21788371	0.21616385	0.21608406
DJS_INFER	0.44519752	0.43063616	0.43056123
DJS_INFER	0.73184355	0.66824226	0.66826432
DJS_INFER	0.75923962	0.68837010	0.68834567
DJS_INFER	0.96173491	0.82018534	0.82013698
DJS_INFER	0.38445474	0.37505374	0.37508553
DJS_INFER	0.84555571	0.74833984	0.74820391
DJS_INFER	0.26053177	0.25759441	0.25766104
DJS_INFER	0.94808151	0.81229806	0.81222733
DJS_INFER	0.24801554	0.24548070	0.24550390
DJS_INFER	1.07447985	0.87934258	0.87943543
DJS_INFER	0.90834173	0.78848490	0.78836273
DJS_INFER	1.50079668	0.99755102	0.99725690
DJS_INFER	0.04230713	0.04229451	0.04141857
DJS_INFER	1.05598279	0.87038455	0.87047011
DJS_INFER	1.04592481	0.86538833	0.86546617
DJS_INFER	0.07665866	0.07658360	0.07733128
DJS_INFER	0.34906089	0.34201548	0.34212669
DJS_INFER	1.31286067	0.96691862	0.96682250
DJS_INFER	0.27327171	0.26988318	0.26998707
DJS_INFER	1.43993807	0.99145027	0.99160619
DJS_INFER	1.35092760	0.97592609	0.97595414
DJS_INFER	0.75014567	0.68174534	0.68173661
DJS_INFER	0.48694707	0.46793000	0.46785032
DJS_INFER	0.27049517	0.26720864	0.26730517
DJS_INFER	0.32779333	0.32195464	0.32209795
DJS_INFER	0.43983212	0.42578757	0.42571772
DJS_INFER	0.09095952	0.09083414	0.09173455
DJS_INFER	0.37178177	0.36327605	0.36333777
DJS_INFER	1.47919347	0.99580739	0.99571609
DJS_INFER	1.38193374	0.98221841	0.98235581
DJS_INFER	0.36583417	0.35772839	0.35780391

